procs -----------memory---------- ---swap-- -----io---- -system-- ------cpu-----
 r  b   swpd   free   buff  cache   si   so    bi    bo   in   cs us sy id wa st
 1  2 944848 5084664      0 15607160    0    0     4    10    0    0  1  2 96  0  0
 0  0 944848 5083904      0 15607252    0    0     0     5 7249 12895  1  1 98  0  0
 0  0 944848 5084540      0 15607284    0    0     0     6 7170 12736  0  1 99  0  0
 0  0 944848 5084540      0 15607324    0    0     0    14 7256 12807  0  1 99  0  0
 0  0 944848 5088124      0 15607356    0    0     0    28 7235 12725  0  1 99  0  0
 0  0 944848 5084788      0 15607316    0    0     0     8 7241 12766  0  1 99  0  0
 0  0 944848 5087160      0 15607404    0    0     0    65 7144 12702  0  1 99  0  0
 0  0 944848 5081468      0 15607480    0    0     0    22 7400 12927  1  1 98  0  0
 0  0 944848 5079872      0 15607520    0    0     0     4 7249 12865  0  1 99  0  0
 0  0 944848 5079624      0 15607564    0    0     0    17 7266 12833  0  1 99  0  0
